974656235
502671962
754936009
983403276
757780362
763408676
968562602
1236084187
554682769
526249689
446928291
446928296
446928295
1165606568
554679304
446928293
1160957817
960873897
1160966914
1160961926
1254187051
1168739876
1167847862
1160936344
1028168144
983493307
446928292
353600893
486160169
1167869784
1160990365
924503099
921965132
916126891
583085472
685253335
555282133
555261437
484993944
484935204
501083302
1181255061
1167649048
1141191658
1133793399
1132156600
970557904
920013718
916146050
766640851
197289371
554091951
446928294
1279509843
1236092107
1228050480
1160953732
1160942943
1139512558
1004380548
1002461852
924624863
194457524
555255379
555240929
554959477
485255066
1267239313
446928299
1168008031
1165881298
1165415310
1080148710
992388657
1002387935
959108863
919885252
555232919
554923616
487390252
1098652176
1028819837
916081801
912613430
205341790
555285397
379987589
1267204555
486186296
1167639229
1166974494
1166316821
1161002652
916179114
916104537
805304385
582970166
513037646
487631897
1236171617
1196461810
555260128
484829096
1239524929
1167903994
1165957678
1033135692
446928289
1255212460
1160973406
981202207
981146339
981116852
916034931
817605090
673534018
1186142049
1160969463
446928288
446928297
513038603
513039539
1167874086
1167637995
1103291261
1092885992
817125872
754969731
1255220621
1160984064
1160963526
1133531665
1214083700
446928298
1186129388
817605049
505419123
555258076
982509422
912602167
493737038
529239826
1255189715
950630723
582970007
765459180
485004282
757801747
1255273355
817602059
1255221948
1126141384
696376284
555267721
1197892514
1228037713
1103740239
823103681
835229847
754957249
1165769292
851942635
749610957
489937235
1205164356
895918732
851970891
696363285
1159293804
949788240
489921788
496062548
1274338355
851907048
740850811
1183859705
489119002
1062657735
507087192
835407973
780044376
507084540
900243309
1248561942
1238584038
503133567
1011930655
836568699
779793036
1034517737
835762181
654550401
556462978
980946879
823300538
779806263
779828717
515952525
1273112151
1022681158
980372487
798954071
754494910
1168759729
1016935315
1016952509
970299267
930180155
772619803
550766427
504698589
503838332
1022661405
1016953419
1005721749
970301767
908715848
779838469
502864326
493861893
1028086561
1020052487
970261528
772623199
695725356
1279541973
1221421244
1016959133
970279317
740635306
695745936
1205194803
980776350
895853786
908735336
823106140
823101630
647321638
1273109158
1239385344
1236119486
1208941776
1022680046
1028096240
1028203296
1028173763
1016942866
970311475
896108287
779814591
556350359
1227530326
489958742
1142775540
695723219
835707844
654547125
835759188
556497419
695712271
493180897
556474701
836556636
779961450
1022699034
998242886
895896788
779956789
544826833
823319516
740323155
556424738
1239387198
1028111253
836591362
779818197
503938188
895878868
640464576
772577346
822026626
695703503
1222368443
1027677075
846204606
829777886
697054321
506441272
1092549313
695640409
495777212
1032821814
1004044063
749025741
1205162370
1027684127
1000905236
798941654
556485631
1197291772
504646643
836556757
740420414
647262907
1003372419
556292124
1222030287
1028182456
823291281
974590312
496083351
498122824
1242955426
1205166946
1196392382
1123850430
763327064
516511374
490253864
1181030117
823303394
505181813
1037423910
779802603
757704387
490308784
364572235
1222413506
1022688896
779965756
1119447637
823294025
506491105
1134457870
1031557046
908707926
838600312
823323338
758074635
490331466
1231942578
1205197472
1031867395
823299064
595625313
1208959656
1121689067
970265693
694097055
695827999
1231431409
1214129449
1189833371
1072780580
975890410
1189816870
972505608
895857283
823280731
755042133
1031859280
639220457
556494685
490285844
1205177998
1051477868
1039503964
695793130
1227525885
960878942
694084136
694088583
852301327
647583999
490282073
1249509138
657886647
1131957422
529975396
1051443807
1031814936
150957594
1048227415
1275629518
1272583672
1252851726
1248135128
1189740463
1062744286
1031820892
1031833735
836559289
1062763114
694103244
1197960587
1079460792
397741686
295095100
829963522
1119651111
521291701
1016277052
745783850
516029041
667746972
488367403
1081553673
1035698583
917771743
896325099
668982552
737931851
639215578
1001733245
927662666
768449535
460781578
1231873525
757162982
689827420
736810839
1267290187
1140920235
896095952
1222069081
896025585
328537733
636834578
1011970504
896068883
505398322
1245986977
745755871
490228970
491007724
259040983
490994299
695767058
1214772314
1254241412
896003582
763074433
742379197
737923910
494610966
695833946
696399356
1124642112
1033062126
565652441
1126562294
1154062604
1094924567
1031404926
896053071
451936073
490209159
1254674574
752821721
696423707
1258432986
1258248440
1258242151
1126557353
920856558
751928741
655997762
502534876
1258256759
1092606686
749534830
742386812
759350871
515202473
376376529
515944657
1140885929
797191339
426325679
490520241
1258251536
772690782
816220337
1141218207
852090454
742399989
742396339
495009050
742406960
1222081889
1236961260
1016948709
1049632303
639212633
1035699931
980951385
494941829
1028186815
557855225
927662902
736478553
651710436
402274014
736439400
1035715548
387853204
156534171
1035668026
671539669
748640841
971844271
1035789432
740691718
738158567
1188421926
746240692
746250869
495732981
788186033
1001723359
1016955224
701777322
513464731
1027672634
1183791019
1167887276
919889296
488373312
1245815150
516411299
891171350
502965229
921199990
562746247
504355854
501908688
501408337
1028200128
1056226317
740843781
640532344
736900833
736946345
1167630205
736921027
1079331272
1184497357
1011938497
1055839917
490271714
312170695
490267159
478730198
497323527
1126546781
490269753
736792397
1227883585
808973927
1173281647
727176718
748734353
1048497891
644367309
896197474
291423846
505192309
983507424
478703313
506322382
1169187452
491069443
1217746959
1217750345
1121193892
1228044849
1130915382
1028644703
742393561
727170931
1183748197
1119708336
983104201
727298251
727190412
1280179247
1186131506
983087406
896235936
851960060
896286814
822042524
759424900
727338562
496379022
503124798
1244532872
946850590
1028169960
1008823329
917757730
769914981
496209013
640473410
1122340906
746471920
687261764
498357909
1006551603
746342202
727276273
746442978
1267185521
736938278
493071855
746422655
516060477
805442698
746229965
504726668
497943990
1240931211
1122395838
727310511
811230925
748780996
739568645
640737704
550542932
526015696
497969625
746317501
1268852138
1198241618
1222924465
1028125260
1036467225
947570219
746434350
671626942
501097442
504514825
910776708
970421445
881043459
503580912
910798482
764988421
502792706
515918214
493361326
1141209390
932298117
1033037267
755435678
740852771
497984469
1220370154
503342912
1154923800
739545992
550540121
518042807
506211710
644942599
892420974
1184552303
635553442
912849321
902547261
912841659
696323564
491091551
910818837
892531012
902513216
951169710
696241187
505737506
902540445
898221830
492802717
737357045
746259011
1167912474
902810102
910810920
746300940
506485763
1243121076
910812517
696332568
1015897086
902545229
912962135
910781646
499404359
1178651177
902776944
872006971
852024699
802370416
490848492
490857467
1254165005
1103705549
1046477112
908721683
755599329
517910071
1129374064
1001783252
910880083
800184131
542097296
510817718
914221348
1037428242
910784617
491317858
1227874437
1039032900
948116103
892440853
1183645179
1181665074
893066764
892960218
665913536
503276319
542026868
495160607
915920608
873912659
757617191
1175737822
1147168440
912972013
899852069
1127890971
912987468
902534801
910942670
644961325
491305850
970505461
892405828
871961047
802273773
757589216
746335688
647477570
496091295
500139296
1111323850
1035667408
488138283
939332370
727726873
759781396
21956988
495384957
1190251108
45437741
696235292
740878187
499485292
902761685
910909574
902511482
915922403
899835452
910789192
748797227
742463705
496401992
1222962138
949752685
915915889
815727899
899827185
499504827
893013748
1183708288
910770113
1092795485
755643411
742413985
723589052
908732690
812175695
550643666
490195686
1206441488
731157336
436427420
490852378
915718661
645052755
503085040
746280819
1147543414
742423208
1167719807
498304576
742455363
640697328
1181652193
1120058413
797116774
736822091
1122282411
896252940
796999543
1224862864
238712992
238697301
740858852
1150810720
655307265
1275613294
639188680
238725783
1242728736
546165361
544755012
1275653167
318603871
1236822077
1103721985
542020102
238701647
639137398
391421020
238717850
727706980
757711582
1200971585
740173048
570362193
502325836
1200040448
549070927
748744796
568603623
654085373
742423902
502646596
518682397
742456022
558559945
514850604
506328507
742458531
515510186
742467374
1227859606
873952465
749664807
742449860
493759980
1227872312
1189224993
1227881442
262363644
652341220
1166257935
1168005736
513505288
652739508
1186523314
1124442177
647629349
652346784
573018786
736865629
1189263980
1227869542
658469204
656057058
1224658025
1275755607
639185373
491422805
887509100
737633036
738895528
814957766
738927785
740349202
653021745
740412151
740406460
1124541255
1043545597
836632608
505275465
1068491686
740378565
835849258
735672996
502613321
1224532520
1198836162
898324860
1209861141
740427128
740361911
1269669527
1189814914
635155951
506316530
506353281
935625719
844717020
738884096
1224499338
1114043466
1097472018
738961016
1269644987
1269063676
1049325052
391322631
822545519
740426298
552943831
738956918
896203963
1269041618
928868206
810407978
742472887
1269664298
983379899
740369283
1110708041
1062467691
490366738
1269074389
1249399452
499461669
739027299
1269657129
1236166576
1269639799
1196445836
1224491116
1190772164
1269651661
828164810
740389440
1274530643
1268643252
1120662421
502755536
1122333069
1098170119
1114046736
1207205662
1130903167
1063266326
1114052903
496189583
1279582055
559238138
1210305501
1122338817
297627786
1105269631
733156595
1268863515
739061863
498912479
1042402786
490385823
724089504
1269647057
1236169008
491062954
1113995188
1036657076
571217369
1093684336
493713594
496189034
749308433
491045414
504470155
1196442073
1190768226
1057027275
831634718
757599018
493710864
1114041850
739091632
1269676907
800931666
493869694
661559686
800939697
514843368
739079706
1054997179
514856199
1055833377
1055765616
639125503
490356826
1119995898
822036398
935501314
490361023
896245954
640729087
1225306638
1039818969
835953550
692295023
827492118
881086129
514882302
514858717
901654282
655275390
837883585
1131001655
652998373
1053949560
1041900438
1053929488
1041904112
837769983
808058963
1041902301
1035803331
738939215
1067197280
1057698121
1040955597
1057670058
763318530
491444849
494733449
765294647
738865972
492033278
1039802291
1198840129
1101516152
746428586
1236134118
1198904945
1041897345
746086822
1248547075
1178480228
810359511
746083166
338215447
503512474
1128886540
746071786
514178808
1063922131
890687248
746019955
545092736
504480957
1154913539
746010184
746013631
746015821
1236064782
492114173
1178486408
1011871404
491974568
746067872
517156855
491979278
746004118
514188141
992036567
1275793019
1236151282
769929105
502358636
1042725620
914733109
565851138
1041898652
496276097
515587304
1041895766
1046298500
1178493882
1056916540
491563543
1027711614
746105325
499581932
837857089
1027734314
959361731
928962935
1046300154
1068499579
1027732379
769985114
1027718413
992025806
992009165
1046200232
738902516
1180777908
1148728070
493276067
1027722584
736604614
769910428
341955801
1148826008
896210013
46911906
1148768673
1148678165
501546633
499536295
560192292
515589820
1205160635
1148740035
992018709
1279882209
1279878935
769887338
651641191
492146704
1205147644
1148680892
1148687085
1222605746
1040996068
1040952056
1148814880
1046217865
692174124
1205116980
1148828101
1277443649
1057620456
499513554
1152344108
1148765788
1041566594
1148696801
1148763265
517166914
504804680
1148742240
1198818277
1148863275
1042190968
896429447
1149057025
746131834
654558517
1149085657
1148729886
517481643
935491669
896445278
896422960
980942654
896437168
1132255872
1042181759
491968882
1148722844
1123483599
491831393
1148753530
1093525187
1063261321
1042711803
896446105
493854563
491514219
1149067287
1148887123
1149095629
769894628
755135226
737546216
1148861794
1149339602
849034095
763129113
1149071563
1132200028
1102962747
1092793136
938888450
896435450
896432400
647300604
737520861
501705608
544678434
503831487
1213761029
1148818874
1149063943
1148726031
1149088054
1148894800
1148857022
1149071010
491995983
895834928
803556169
647219195
544677153
1148866819
1130438443
822523069
763007464
692125652
652522929
341954292
1149089116
740728712
737513136
1149054678
770659662
521098408
1149337160
1130437358
1128983439
1084316195
1042184359
1006060805
769950599
544682866
491965932
1148749037
1130423865
1042185896
922031779
895829256
770734178
515528735
498485037
1248128031
1176421403
896458802
748133520
520909597
515569882
491823936
499928414
501301430
1128926466
1068525212
1042188928
896439312
763111828
756162422
740656008
446926348
491667636
1167855662
1149083623
1130464261
1092637681
1042182652
943622236
446926349
500173934
1128997189
656257061
1199706851
1042190318
896442749
764436408
756152088
692228243
491850441
493693663
1149097069
491876877
903149836
1215558295
763110956
1154843687
1149328724
1132251817
1130436623
491900288
822512282
763115142
446926347
490540218
501219767
491872213
1167878599
1096224150
915549902
908711419
1152330915
1148719249
1130880324
895830663
916016314
751267958
756144637
740368258
696223157
258587358
491826540
504363773
1231842022
1101428319
1069295651
501002381
144983410
822519228
491855959
491948747
1183651830
499591715
941008782
803453560
756153120
740654662
446926346
1061910583
940839118
941038421
940337706
752489070
729050312
490881303
694133966
550276975
515583516
515576821
446926344
1274480668
1133547080
1096224565
1042210208
924278155
915560908
915556075
751281791
748783518
550226007
550250662
549778075
494452871
146316749
1239502273
940964788
757769398
763262458
518665641
515580410
446926338
306856177
1122345667
1061906731
1006072441
763113358
756145298
694144458
635167515
446926345
446926340
229341306
229335058
1239483550
1124646288
1005579560
446926337
950957600
895836817
915525876
752489328
9657238
446926341
494054368
306853943
1229089679
1149060665
1096234528
1045297277
491893463
446926339
446926342
446926343
229345962
491987334
1148686541
1225262793
446926336
491961607
800927502
1239494412
694132503
491912767
764351227
752488922
902704169
1045862207
487886657
491778003
1148834840
1093449637
920646745
446926350
491957193
1208259065
1096236994
694139365
446926335
306865207
1239478724
1239486123
1098544036
940532779
763115355
490550842
496854969
306871563
1239472405
940956042
915492707
529271508
1239495670
1239470021
822636088
545468026
493766183
1239484399
501001335
740339241
446926351
490866535
491864540
1196328600
927313318
695365187
914768565
749591495
1119772273
491643877
695295353
657302769
1123445186
1098555191
1046229175
695298442
335340844
1267648387
1011890338
498129784
1233097177
1155021461
1130949862
922994904
779945571
742407747
490529278
696245274
491538112
492358289
1228021577
1228026048
1228074744
922833456
648246742
493936361
306858412
1214073727
491676595
1041566080
502604189
516229561
498003501
1242617399
915859661
529272684
513127937
1271369292
1048143713
1011259410
156524019
151937693
742394590
695298603
659000224
371756491
491953928
490867664
1196937386
923015996
922029663
915882296
779953909
779951437
695297811
658952229
648246274
646357213
491593914
491639026
306862935
306860578
492375029
491523709
1140817969
1067223915
1046167313
1046160901
800949545
779958500
659010315
646800211
1061912420
1046605559
896660092
491607583
809047134
779973033
1268871665
1196223794
1011848308
914741030
742410473
695384787
656290898
542101801
505110299
1140788307
1130946466
1079823135
1048095992
780125052
758876159
667760777
659017130
647460213
546182213
497391296
746600898
695353029
646355602
28807771
1152365790
922670324
742417634
639577114
536746946
527098127
497529249
1067151667
1067147882
922021110
754562607
1069635210
659034410
646745201
686147547
545079787
516018875
1046480545
1034517407
922048010
920706246
800959731
665977052
494021011
219548920
559777828
493290358
836576533
696455548
740729633
647464693
646898676
641263758
543445648
515604182
1240309781
1067160766
762941300
740303800
644210061
505297056
301170394
1196876976
1063119584
1046222479
1009097053
740382849
664677896
540364816
317451121
1240298685
1193092190
740327524
659006478
495353008
1196926147
1196927443
1196919319
1046159464
1032812181
1009094174
748591253
757791999
652757251
646912469
395938945
491989631
1067188463
749034074
757542710
1240707531
1197573400
1046182793
748721913
740350286
646365457
306869535
758854019
646570833
395938750
317432811
1196930342
1196923190
746438542
636734305
1196932847
1129559718
1046165635
758885133
659857107
505245646
1196842739
1196824549
544866250
1223309896
1047393189
1046169458
1046191186
1046297338
684604376
643594070
1046210225
1048223173
1046193667
758889276
752299028
644446047
1046292497
525759371
1129592725
1046301858
1047409381
737716274
545595723
1170369569
782697103
635162880
493295103
503999167
1170277052
1055383040
805420939
740342554
742485247
499464647
37199939
1046188024
970260994
746505596
1197771983
1145417961
695350000
493294729
515596811
497286653
495495021
924862955
763037022
319999196
1254962147
1215956582
1198842141
1024875173
648269052
1148589779
1046189624
1046483277
758854183
501628601
695296712
653846861
648438844
490875148
503336366
497534692
1040131762
695359416
498121163
1196885054
1119692574
1046185186
1041569534
973376701
695361828
695352345
746421871
992042624
639155072
1184687249
1134349475
991996049
983193133
914661734
914640923
695357541
515592734
1222875947
1215926095
1094222980
992066790
914651531
914655931
695353183
695351454
746519219
880811337
515791188
880807040
769996618
736949128
695363133
695356345
746398490
746393902
575441529
493897113
808063360
1046179954
1010910911
515598810
1213754558
1113501227
1215941020
1046172599
1010909798
746379338
1168799691
1120088089
643668458
695358515
1045647015
1046163931
1270310539
1046190776
543167675
1046196210
780357364
486374928
492903654
1200014630
643486412
1184601085
148836927
1198864987
1027658535
740387986
1123829791
686255157
597812129
518272045
1046213335
1046251063
749447941
740397374
1270392453
851891786
671507191
1278793239
736914450
498361536
1039949012
760080539
1011597696
940530386
1253983137
1121289302
1069262581
1046179085
662018349
759429794
575445240
1050873727
903152436
1121270823
1046217622
575443101
1090772878
667707137
1046295300
1223083593
757629133
696625886
754655346
491455994
491467103
1278799284
1057338533
544709328
796479450
1045394781
1043560187
982906462
759403986
1279852859
756841142
756826520
754702375
557382004
966358670
516375208
1255101239
657062057
644524566
1134118429
895968969
759400970
657059236
640507237
511289089
1120487658
491450746
1189318799
515978377
1134253129
754678849
754670490
759416863
491497334
1240331678
1143105940
759867130
754687429
759440573
1033023106
646617852
835290038
749009694
640505862
498321052
1272186459
1049586534
1033019158
914776257
754611385
516391009
1067192882
1057355137
491492477
491483853
754620321
545478143
1067229801
756850298
754672922
1125798278
491478353
1231944428
1047996898
754662056
492574734
575553943
491498848
1024309589
754703959
696650944
953970830
544814648
760140770
754693265
1003963181
953819762
953971975
760170878
754648681
1110688591
754632877
754639040
752539317
696589918
1057711191
754664494
640347409
551323010
655486197
754624645
914675906
1268676519
944523434
502188777
749897027
518445716
655480539
749073039
1134336887
1148566578
652582242
652566199
1227375888
495885184
1249868561
1052242323
951412303
903102242
496273060
505277055
500092639
511670385
1230815043
496237281
1232937961
518507005
939228919
1254182927
1096992965
518778557
1198846429
817445942
1193716528
1229210306
1223305175
495498299
504056698
1198921500
654063329
1235636249
1224777583
1234349645
653742252
496173532
515077225
1215560629
145273997
903245357
1133523184
1056817860
1036095987
817437374
1011724209
940638890
1126532684
498074935
930453234
739114270
1141153858
639341272
1200092907
515410131
935577420
914668571
1243945678
1033129682
940645242
1222441792
1270299364
1141156196
930457942
495739746
739083854
490726252
940387267
923029375
1200689089
1053745733
1011721714
1243949535
655450693
696572549
1009074962
495758153
495387612
968557102
966782835
1270344347
503228472
1198879603
1124711395
940640862
739102161
499649209
1130424404
966785992
1084623419
493844592
1219353781
1219333823
966355654
961661728
937129431
937114246
498242598
408902046
1027771909
817163590
1208949282
555465727
739600295
441748411
500037915
1212696924
1271510937
739573143
671595976
1063888705
944154824
835514482
494435867
1215553645
739566030
499944077
1200058659
498239817
494856282
1198238847
1278081335
1175416956
639398880
1093995130
493001041
700235707
492997671
500269320
738997363
499943698
1175421885
1148809184
700252768
504424628
1028132485
500173714
495409676
47605490
557377327
500115083
1250004235
497522601
499383075
489048805
746448663
696500038
696491217
966794769
639316410
1093984676
1021707724
494617326
1048202305
736832665
501153018
1021751718
1100968230
522070421
647613958
1098557357
1279565269
1226743936
1056632480
765521237
743518698
746582124
1197806650
1011991181
1011353304
1239517835
1222312679
654651782
810899556
655375570
1053259137
1021776435
1021762522
1239531456
654648602
1176040553
500082362
1028122211
940692810
1056166030
1021773616
1021719064
1134301775
1040487271
654785915
1021756864
1241806173
1055986227
771592974
655368630
639338734
498291171
1141161180
800962899
746455439
654479138
1276987950
495446689
1067251944
515784265
1268766161
498058995
1059919251
736876176
1069299430
655358250
1274511854
499954945
1209910538
516090552
928992490
970523610
503109082
1055649922
654655267
522173665
498066876
1040989206
1214893137
1174890000
1193717053
501279959
1124467138
719266658
1131882940
1174837152
1225454233
928872417
800976997
730299290
800952583
753205443
640743074
759523738
551324968
939363376
1222184066
1040075882
1240452724
1180920876
771507463
544802312
1175539512
769335205
779985075
500190739
1055790354
741035729
1148801995
1272432209
1119915716
739147738
674104228
1124611504
1222457769
1224293694
662089507
655361141
646436235
489234924
1121374027
1011488568
499813977
1121417137
1100981797
1033176157
985598239
730347446
1180047593
1121414647
743509819
730515521
730281452
647530667
646881943
643644966
730341153
489558092
489201437
1196668931
1057533343
1053196833
953541667
896379845
730461625
730388767
685976635
564975179
1246061737
1208280907
1071954023
959874168
950484046
950502159
730726923
730231030
727811437
553768687
553794746
498492595
1280155889
1196627685
1159266656
1143693336
1124575579
1222193532
1001056707
1001043248
959948055
759365998
730256431
553759989
510945457
489255295
489215489
489221457
497562751
1229214465
1123475882
1042229588
953268985
489204785
730488942
730346299
658947640
489229626
553786380
518557052
489251394
489183045
1208327716
1178632424
959949082
959902946
896355608
730469158
730343750
730314208
553779809
553774195
515932206
489210503
489194388
503482116
1223973790
1063293880
1001056076
979839757
959863151
959905625
959917082
896247449
754803927
730623069
684145362
553757734
1246009078
1121410732
1222334956
1088388521
1177690955
1001956067
959919080
959889829
959857663
829068704
730440409
730235885
727798951
501654197
685902916
514414164
1245998954
1207103108
1123471444
1121347770
1080150199
1001068571
959945671
950494118
730414327
685978710
685889185
553797746
553785729
1268764110
1130986393
1123534142
1080131636
501094496
959900376
959911639
730522726
562750206
557841975
518170791
489213404
1180035729
1121400838
1121344979
971064342
959846862
959894654
911869445
730719629
730498931
730371311
654380781
527111725
1240436103
1080147433
959876633
1278982177
1120439733
1080138826
1080134999
950486135
730386073
685899844
553773227
553781666
510932740
1140797337
1080132746
505291298
501103727
1244545534
1196654700
1223780537
1119469311
1080135982
959850183
959892708
501022003
1240485676
1179626544
1093544109
1224351806
1080133323
496671029
1119780656
1225497319
1223960206
1180892449
1080139803
1001069145
545128866
1225394625
1072080268
499371917
983543199
518453049
1132275121
1132269367
1219376360
759588400
739587946
503556197
1189167813
1180352106
1090778945
654425210
1174228638
1126541733
1093550971
1001675675
754117661
665954926
751649308
550108266
518196345
1126535431
1177724526
1134169771
1124658725
1124394169
1224338401
960862141
948131770
657057425
654438600
500240801
1174254242
1160944106
1132305503
1093998624
1225035900
764695382
696301967
654435177
739138195
516271132
1140871675
1223990267
1124544237
1222206540
980972083
786042781
654431694
517923703
498496886
496120720
1211981926
1128870735
1120929949
1224206672
740828795
695677273
636741905
496313641
1233980269
1119412563
1222379908
758894319
1141234244
1222390927
1149203019
1112893956
1008275150
1119451051
771548793
835913437
696282288
551347933
544787479
1236964005
1219342983
1154914793
1124636286
1100990056
1051743489
662777798
1274358476
1271482823
1271448389
1249966225
1223999581
1178039040
1016363461
742867295
740661109
552169098
496901383
1275698704
1274298648
1124600882
1224358923
1057210554
771558706
500923415
1274290110
1255584404
1225297694
1154827800
1154091268
1094261848
1180840800
1067238108
1051706133
648532149
545464577
516455866
1268652902
1245849103
1236860227
497862630
498047645
1178784793
1150854672
1133539518
1125805390
1225503476
1224214016
1119456298
966365910
951313338
948199753
751318187
696327907
469614106
489338888
504233678
1170088803
1095518088
1225188940
817117039
515704511
515541324
497910734
1252870752
1180956333
984663566
966374334
950522298
921207402
814585276
763416281
755766382
734878096
640704179
494455421
520817703
498170618
1271372434
1236950228
504530105
1181412786
1124597790
1051404322
948080373
908637187
835984514
749005325
696317819
655193232
502818306
515546866
1270457732
1232928164
500109696
1160399870
1124707225
1124559510
1225376631
1053189639
1051732175
123534035
953315744
929023485
734868644
653591601
647490958
740663874
835653009
552550023
1236996413
1214441275
495570390
1148848898
1120401780
1224465418
1051746263
1010918207
966378108
1175506420
1175823673
802174563
738223139
653062641
545131033
497898463
495432168
492156340
311693686
1246429876
1236154641
1133553505
1048653571
1022672565
983018122
696521041
759529732
643742523
552716704
515548019
492087251
1234404913
492238679
1222355817
1056420124
1002991031
949580361
950536822
929528832
929543322
880998135
653598158
568199433
512736613
495223541
1224246001
921987671
1071012041
1051689129
951340176
938232552
921202523
829059120
739124518
518660395
489311815
1254212178
1254154953
1246079300
1243920624
1244539707
1232052828
495706521
1199537511
1134183115
1121625141
1108495822
1225462224
1094648511
921960899
950529418
920189163
903238508
820903337
757178590
751639432
746702155
662764795
727819530
520903649
516099149
498148741
357224497
1273751395
1274396924
1250027052
1237013430
1223818954
1210080077
1209282084
1204947442
1051480593
1051413053
499482672
914751366
836579345
734907352
746561898
640687830
639514649
696316299
552380322
516311361
495353652
488617904
491643977
1215342220
1209917141
1154818352
1121172467
1222262804
1179598695
1033145245
1012831739
950563591
929541017
1276730094
914712704
860352238
764136542
764663753
742813394
734959372
640005769
492049189
567438716
516048862
490720615
504684826
496333182
1254449228
1240444417
1240467642
1236985887
1236976198
489281473
1198981471
1179489135
1131046702
1051409721
1021330536
950594850
929531601
835496633
802216521
763178501
639525594
637084220
635286664
643461870
492058978
490805311
490803913
1098096135
1222415588
1149195915
1032737540
1000082647
982952432
966370106
950539651
929866482
921191865
837866696
754757547
749668473
759498306
654373702
738637844
520863884
489472658
502157613
1227401958
1196642289
1159685495
1134340146
1124673534
1179583811
966351141
950600329
921966209
499416115
802121344
695641788
647577284
516278488
489504383
495203175
1277531124
1246897072
1237045555
1236903688
1148800912
1147217679
1067176734
1028889606
1001806927
982978829
953990796
827468051
748191310
734845307
515906088
515524716
495294837
495239457
1271531213
1236907532
496338006
1203206324
1154917878
1113177465
1124695995
1180831717
1056550708
1032121547
1011629809
929550155
764139786
760369279
516297137
491817325
498120025
501236134
501016284
1188409102
1224376204
1036109081
972347774
941480389
950522440
940401860
755677810
734852336
739158287
655272185
495345654
489264393
1273641012
1246026326
1245843204
1236983618
1175301731
1224394194
1222452738
1100980311
1173680495
1067259241
1059922681
966400329
821167881
808780135
803457045
734910994
740572020
565888600
551341568
518572363
489510648
495299915
495181474
1268672919
1189293543
1180277590
1225535954
1224431007
1031615990
950517342
808075632
764133056
835599364
655205522
639485566
522831702
515550376
515075473
514420239
490541191
1274489536
1268770938
1212768915
1110727007
1124719024
1049933186
1051752920
1046224176
1033083300
921238374
764125982
764541214
740796536
695731912
639551062
521324160
495314594
489486172
499851839
1247421673
1245826222
1245833557
1243218079
1154831489
1141226480
1061076992
1035776300
1057694652
504881043
966778587
966359361
948062169
940422031
764563261
751595082
655592367
520785152
495287503
1271534005
1231922113
1154093483
1223668635
1040168105
983019249
966532746
948189537
948198440
808737780
756158429
752850815
520804818
495266036
1275678784
1267653106
1189314155
1119366978
1225202590
1222132420
921173263
953992835
983589280
755706998
658426779
654454515
639544353
639476976
518481615
523668352
489517195
495578730
489314686
504666386
1274332857
1121076425
1120298249
1246788462
940416019
950566154
857136273
566734940
515848157
498008216
1245838425
1237011169
1236912179
1197865130
1189297120
1183717166
1119433009
1225427318
1004724274
1011731325
950585565
948124754
738227673
639478781
499586175
518411400
515142790
489535620
494894116
498341818
1245795142
1237053554
1189282156
1189265943
1183687602
1120967233
949590327
1033052711
829061461
1243956131
1236835631
1236853588
489290624
1189181088
1180207925
1088698038
950592565
980979509
802137832
639535913
639434203
489277312
495262733
1273035651
1245810643
1226754715
498249335
1123531628
1225402613
1222313315
1124526517
1224137575
1051719411
1042204792
940392178
940049712
921233672
921171996
759596276
520882193
516563491
495271030
495250260
495229942
495184106
330894567
1214579425
1208926807
1189308224
1072323089
929548578
764122875
752847242
359759051
327375856
1279618398
1237041783
1159267994
1133548690
1224304571
829040841
802922966
654442624
639547149
495326648
1254278761
1200072330
1154927997
1134326287
1224419003
1224273024
1224174341
1124521463
1179591632
1071438594
1246932511
1035773997
983362641
860301380
802110552
764383779
754524866
746155794
639542939
566142934
497302330
504763699
494460535
1189340010
1189276092
1148799919
1224226928
914743801
821532534
643806652
557305413
494916581
1252862959
1236831724
1197872306
1159755366
1123452843
1102001873
1132287262
1096228966
1051419701
1011464113
950513269
924343812
748198775
655282172
653607869
639489879
489528673
494167570
504793266
504790365
331022975
1222401432
1222227473
1225090959
983673145
966453952
829039435
746171231
759551445
655198087
639501428
639463541
516348286
517432853
489323983
504812532
1243239564
1148775643
1148691930
1092231904
1209218996
1224195939
955698829
953987574
829047513
518521848
511759116
499892770
1189221910
1223321511
1224114972
1021300661
983451094
940407825
940413134
921216928
746168461
490555942
1243460027
1080138287
951330952
829044585
656105363
494051922
495334015
1237026399
1236932018
495641727
1189184936
1179601413
1035797289
1034259831
1000091899
983327606
940058182
759471794
655202555
1245829993
1237005395
1105078272
1124403549
983286717
499651921
949575985
654322210
937508682
860260641
800992447
739185643
740921432
898336558
1232020111
1200057214
1178674421
1180877147
1021324606
126628340
983558033
1209867016
1189230168
1119959370
1021321570
1033073650
727240655
515153326
495373492
998230477
939340834
1227000677
860337140
759373408
1243241626
1035822175
1024909945
970565609
517756467
504906631
1236877391
1124131184
1224409330
1080156132
1050238044
983370155
655595865
518241412
1126560440
963894993
929038767
505184288
1243214311
1180278839
1223983415
1222570822
1225384593
692176865
495215405
1275744259
1222259136
1222140519
1078005119
639508786
517813592
1223605810
1183621977
1222681526
982908893
939349607
639194286
498134456
1236918092
1197232117
1159297590
1142803366
1222173653
1055573971
1055368032
981042101
648226507
516516597
503563075
1189199388
1189190955
1177971044
1175351427
639467127
1189152394
1110755959
1222685117
494080190
1177838954
502035812
983298078
940404089
780122289
86166281
1189249503
1079319062
769925819
734945468
655285952
654449613
639470676
1271441599
1189158867
1183614961
981562155
933779860
928795448
759492933
654509545
1189239819
1189258174
1125700454
1001739136
1236863558
1073452124
738205844
545909484
516015486
1236844577
1189270272
1222852549
1028162947
1246841117
966385035
491017231
1236887810
1092628822
817649647
740625166
656111444
1254157353
1189173642
940318780
746584654
655287756
644589593
563373826
1236865991
1130442588
983336643
737020637
504405062
1120463321
651237171
519034287
489345084
503425643
1208974063
1199003980
1126512149
1084320110
149361401
953561507
951416024
939343592
860270490
1237061425
1236972580
504567199
501000418
759584414
655217715
654849343
505082064
1060769873
1055569738
1034520554
1024513835
983367373
950526397
860364257
916397614
766998432
835637140
512727214
1236872103
1000080335
937351166
860323843
1222891577
1079447341
1024539222
966349763
940228458
499255057
1201924745
1124579573
983306547
501227781
983295062
970563443
765290023
748241261
503737148
1106938838
1124582336
1222306913
1023907756
1056963703
939356942
943634349
738598819
501272910
1011046265
821537163
512744509
1055435333
1183743685
1147537411
984941410
820872254
655021360
1055349334
1022670341
983311975
948176882
948137967
939368119
939344657
759482443
1199731003
939334882
647315717
517927426
1274485009
1273029214
1198861558
1199207284
1184713715
939359316
1270466643
655290800
1273056976
1093978783
782882096
1176619206
1222295748
983559230
921164082
921159069
653582814
1167614296
948186306
505089313
1060072176
970518648
921157391
749662824
659677018
921155133
921159891
921162126
740872975
1223791347
969974860
515083288
780906666
1024573800
1057127555
908738910
503548511
1222470378
817652555
489394248
984338034
1154102930
969842390
504633882
1088371987
764129543
1053081240
654443325
499160355
1024905805
558878556
518302186
1056270934
751306156
655277441
1201939544
1199193878
1178483639
1123480280
1080151193
667762611
1199000084
515480330
504860447
1240457208
1234077264
1140898422
1224830571
1011479204
740699876
494074173
1254148447
1215202647
746111310
648488056
1253041098
1240437712
662120577
1224261502
924622976
497407896
1239474295
1173278154
1011464706
1240459054
1204979816
1173337299
1098551036
1221576265
852215487
765300698
1159783294
852277240
759830801
1270403538
1221519718
500262968
966692791
749461428
749454825
635571396
1140862485
1090779338
1221718333
962137340
1221537311
515815333
512438844
489386264
1181344305
654496811
654491108
517848493
489377107
1151115356
970497180
896401475
1248148825
1130327517
1110715874
953979401
307217624
746543674
517745647
1160690682
514970607
491323227
1178505183
1224503640
796852917
1126529414
496390421
1246082320
497262013
1130339282
1103736845
1221545959
746577933
738235689
748600045
654489228
492858329
489382595
445566028
503873771
1224547168
750177574
496243368
1196544852
1221555055
973004281
737607982
746525977
759578341
357968992
1190341302
752302730
515328331
1129408239
1126537124
929555195
737431895
1221568246
1056243318
737595384
1120903168
499826205
1254089307
1148627063
1032604562
914770834
1213988866
1224808087
1054550596
974639727
1221668938
1056422841
749643310
1196551446
1132206898
1149106424
750178412
749554804
498313885
1270418737
1090761016
640515951
1123846369
1031618545
1001918362
219678470
1224690462
1224601887
1024677156
655262309
489750303
1196528959
1224728629
947820572
759735789
490407231
1196538939
1196526688
1145349598
1224802912
759613678
494281026
1196540738
1167592714
1222159217
1054682347
754772762
496871497
1280131437
1253007051
1223929629
1123864130
653585633
515999955
491315616
764378499
653590138
653085117
691115885
491186089
1227397575
555511728
516051308
507073114
491153917
1057652045
727728121
1059954762
1057243168
491176596
1285242157
1196978563
1225242248
1057601666
491336220
1232022093
1196547666
1152346799
515968876
515180419
490856811
1196973063
1224701928
970500859
949791662
895964368
691130891
806781258
490956424
488047840
1261259256
1207199063
1057626772
1057145215
970502326
947856295
691055069
691008376
507071877
490928392
1057185981
1039418463
1032768228
1008917072
983189330
970517274
970510707
949737281
820798909
748195590
492307789
1196803778
1177842916
1119347515
1059948194
949726354
1248234633
446172725
690975155
516236164
491261061
490963976
446172735
1270470529
446172732
1152352371
1129421729
1056970634
970490816
949721008
926240834
691101501
757657469
507068977
491236565
332738464
1214109839
446172720
1197250500
1196918436
1152311525
1106032845
1060728347
1160688493
1016092838
951242768
691033153
960282751
446172729
691001685
690986595
446172723
446172736
1221428624
1196947904
1145341813
1124227944
1119943368
1057150767
691041291
763228377
736606064
514966226
491272391
490918537
446172733
446172724
1196881495
1196808848
1090776812
1016517887
976155597
691061608
691138934
691071523
546200772
518288410
515972288
491208226
490842622
490811528
497799305
332730768
1279861619
1196535718
1196514895
1079371870
970509331
691150417
740519228
690997156
691064277
490978231
446172728
497271154
1279624626
1121593263
1062700988
1036465318
1036462225
970487630
754672139
763240127
663437590
690981654
347595579
503974015
446172722
446172730
446172734
446172721
1059894406
1057136696
1056170933
691144013
667757938
691130986
691141365
691158713
690975661
491391645
490787541
446172731
446172717
1196136745
1160898933
1056309072
1035691595
638867077
546180110
491276350
446172719
1199236503
169153698
1124666655
895997662
757507000
518795724
491410385
1196556079
1224673432
691074324
491406681
491402460
490866904
490785515
492852180
1196566461
1152308596
1221543549
898399566
691165528
518675649
491008558
1032324987
1031474713
515955621
491328212
491246791
487981286
1196531407
1198896511
1024705265
1011109680
962136525
740521186
691109181
491023376
1153867220
1057656144
691064295
820954511
803573133
835270581
493629569
691132950
549999990
515963319
491387604
491111886
1152552692
1145346705
490914507
1200084646
1079302581
1074936588
1200112145
1196557293
1098418220
971009448
696297747
737626591
497194629
1177852809
972002294
490829768
490794777
1074869025
491543818
727724866
515186052
491412308
491119988
1200069125
491547077
691049487
691010382
491343777
491250078
491165536
1280134346
696641090
491459338
490941581
491380103
1134273244
940397150
651319755
1228054914
1125679527
800966370
514962925
514350083
491370226
491159256
1200708794
940418390
654356998
491424392
740517611
736566993
737285479
507091809
490894896
1224750171
671422654
1053203139
1043081258
1022943865
737490286
555498799
1088381273
1024570404
490915703
490908079
1279692225
754714788
746594241
490936032
495582409
1200104062
1200097726
1196562408
1221597229
1057702226
736574184
1099017111
1223610038
1056252306
507098296
1247489604
491439951
491299112
491176101
490817099
1200670111
890095672
490963766
490821576
1024434288
910236094
491351722
490952271
490887246
491289884
505299002
1128880497
490898370
1024612806
820775866
491361179
1279975752
1056022264
515965709
494432052
1198233809
491034218
937361408
490797560
506299275
1214434718
491362511
497269777
496228039
1197587562
1128947446
490775081
516646710
491194395
1271558700
491230578
1200108252
517546383
517225628
1181147393
902715215
797072957
659866984
655500492
517086940
491229120
1130929688
518435558
491202049
1222073318
491375292
736697773
497865635
1180179112
764626598
491103707
491545867
491089467
494917317
1082225124
654357857
796845698
517508569
491048664
1056149299
800982432
491141149
1060739396
1011140560
40063490
896158668
491041337
18645092
1004346903
748659212
1004340313
1150411654
491127709
494744396
1236824753
640671008
1133556869
491071952
881046332
1004337408
552560438
491016502
1180784695
1139545440
1031504320
1002559828
1273749574
1002549224
374302439
499496202
750519600
491061438
753216334
906864946
1251800161
1199270085
638887210
1079391033
797005985
588010931
519051885
638883991
556608993
491082985
742342151
588166021
511292345
499947278
1153869780
1198267363
1247537862
491144175
1152412932
1151583383
494491697
501465089
653078887
499789117
1244547636
639057029
1200416814
1200499855
496013296
1223477703
1086386492
1234285677
498233271
521080670
1200675219
1120412771
737247209
496215337
652555100
1199739005
1170239004
1055293776
552530803
1223352478
1247481372
1254126479
551585641
1126548703
797194714
737265563
686987444
504808564
1016938262
1148659618
1090726140
1177721281
1214096147
500139073
1079359123
928956154
930008549
407009326
1024430813
1177808352
1024902257
497819140
1000079532
1215197438
1199249310
1072324932
822531958
737481147
950596407
499907231
1151110427
635650873
1246822640
1181331408
1124620822
1055491455
1078642122
1252956985
1184590415
1132244989
1055422764
759601388
1200394078
1244549938
498245391
1113321126
749311308
1200684870
1124184900
1148594924
1134174675
940384474
1200289628
1032318646
697993860
1194962761
697993862
1251799989
880955736
697993870
1200322438
746573916
1225316973
1032322898
299117425
697993866
706072656
697993872
697993868
1037408878
1184756605
585106790
931469215
1173290884
1173320878
551336847
1125738350
831779624
1253010622
1057567907
470237550
167041901
517110496
1057487522
1072230242
504614266
1129573161
1184496484
1045395564
1160558327
519013392
1125344666
1125299285
1271008661
1057487524
657650498
495820179
565364308
1271195275
1025339312
951141884
697188493
1109238908
1109269848
1216968039
1184582374
657650435
1216242565
1040900630
1150091360
1044591640
1200552087
951069922
920708160
698499535
395758592
1111022756
901813502
460395434
11991545
970041259
653055159
302143423
1273160474
1150161547
1147589350
499601203
356517343
1214149738
593246009
395758594
1021491108
1125210188
357474595
1201304717
219120583
1117465325
359807183
720068197
802610033
12697498
821325123
302142900
242078871
1045383894
1051240472
1013946389
1012075689
566159486
168042979
226320260
1051234423
672138518
1220034119
1216939533
802639906
672189131
560890665
1216303615
357452217
302608108
1021311927
661880404
643722804
255579064
1204884252
51574149
1002291447
1050607735
694326699
568868314
399183
1130665060
24636262
694333139
223543019
1142855701
25901015
1117544624
1216250022
23503556
115583
564612963
593698541
567900052
470440268
242048870
1147585914
1130666935
1098730748
1070962730
743935565
593697836
1280985939
1279768203
1273152346
1026073215
823154385
760453916
525506943
959092359
168061648
1238301169
1229750936
1150706382
51574151
734437250
658014894
645245882
66806573
1070915410
573954128
502177409
502143864
670392129
1109260072
1117518447
1052166383
1026755686
944246625
659127498
702365623
1273160473
1238289265
1129552505
225446609
593262046
166714353
3649776
1214149784
1214149750
1062532577
950943141
162458345
223976187
1159261122
20141087
1279840606
1251779922
1114661002
1034539799
901824069
2626743
1705589
848130325
573918980
225461660
21464596
51091643
1208515603
1174552482
1137197232
1063516581
75172586
1002297131
23503558
734413437
470123021
302821667
242061132
1212216684
1021478945
1150100709
1021311976
51574147
1031986917
951057672
703129548
351725379
823166785
1002240707
1214149768
1117408952
1098722391
1044577284
9828445
1044591505
734413252
720074767
125563186
1281009339
295855
1057487526
1117544854
1098726815
1052200936
1012223791
27948554
944263688
937930223
920700560
695056563
224114804
357140796
1227924428
1228787676
1149831576
1103907011
1021490965
89363537
351726780
1175847423
1137205076
145353090
218190390
470134710
302817036
1062537104
1012037970
1216982239
238624101
115587
747103967
729471424
1050579983
222423984
508721356
565498080
565498078
10185175
1238282312
1150087515
1129574862
1012342096
1205945546
823259182
695068034
226320258
212898592
20162467
1269880401
545375699
15219272
115577
743853629
729390651
148908467
526117335
1279798662
1029063710
1002867278
743770464
848864391
848900921
514782140
526117397
1226786580
1117565048
1009128455
1002227240
727616375
702245246
586752970
326509815
1269936072
1149751072
1150676669
950969036
731329055
695037484
922335086
1190947584
5616255
1269877425
1149701697
1142855703
162458095
168044057
63053868
14279572
1216618679
1214149782
1117505816
848854425
575422089
514728860
670428957
320449080
1269877427
1204910158
1228917443
1228926794
661890509
326491721
14279574
763097
1281053547
1705590
1130860298
1050597556
1044577047
695034027
658053342
572152874
565478534
115608
115581
23306662
1214149766
728817709
727584846
727439224
527202807
453055612
302189954
1109196299
1040887192
1001613185
729454412
356549856
302807355
1279083845
1214149786
1162547523
971518576
947073394
2499465
743922859
567908951
357453687
