919521123
1062514594
500928970
583848363
881145297
497676958
6015860
502108540
939159769
332694547
850915124
939151781
1188288025
851186625
612168197
850926153
329566324
496366484
942704832
503370672
1071374659
961369179
503793057
503101429
974335418
974274657
1173371561
850995405
182676534
304378365
985631681
500145298
503031910
500164282
383795189
530786277
501265792
502907579
499321225
500076808
974318376
229576765
166216664
974305526
503444604
1055042779
356642084
166216663
503892715
921305263
119673427
778567806
974306113
908352721
1173393456
22096026
499187279
557077270
429133737
889431120
557079970
919586277
557074848
1007508529
503233047
557078365
948717610
851312383
22096368
850990386
985666932
1123813374
973042221
2621941
503514371
503061081
1056907346
985656900
503671419
1057204377
504546767
505133728
971877434
974334038
499170165
506329011
985662670
495258124
1231994363
1063840737
495701281
500798646
503179570
1007512416
851302464
985672125
757142988
1125363796
974127562
1198921530
1181256507
1111744986
972326430
961365019
490168636
504602023
1057303330
494236962
501567964
22654012
1224887091
499206616
445796386
1224514451
909676601
1221661141
851145927
939571506
1125426000
985663166
490158269
972470393
1175823937
1231998207
1054060787
942063477
506243481
541190783
939573362
495592951
1214755711
985673199
1129849741
503646621
496824625
851112026
566004888
521280964
910097550
943598131
503779258
1214771167
1090715016
1011475616
499570362
1208916510
973021290
909683745
1221742566
968545374
1214751790
910015593
971869914
1125374989
1221532985
1125373396
1221528471
1255279539
506268514
1124508158
1214753992
494168618
1007514255
541198044
909680027
1222566359
910244095
1124593894
495584168
1271418666
757136693
492946806
937364661
515912789
1231985250
1007513330
503888654
495800918
490650469
490733297
494804672
910053520
1221562640
1253132058
851163228
517069811
998173707
1055292043
495717769
1221696053
1246808270
1214773198
972339283
1221638321
490143141
495599593
493714242
928944467
498165086
491118599
1254073250
985664005
506339975
491099094
1134716862
495856342
1125218078
493679814
910073536
1125194275
1068511629
410599616
851122260
500170103
497447158
493474971
1224906885
871310833
445608735
493881284
1233121701
851139099
503449149
505046185
530554924
491677814
494468148
1222455118
494970770
493196473
495274941
1134340587
493048127
1131823811
910226372
910220417
1224610987
1214745806
1221678461
495734590
1268184819
490730019
557614617
493159796
910055591
541192347
1054518969
493699034
493185371
1222327083
927058408
851321129
1221689335
505222799
1214741684
490129389
851286830
1176190126
545903295
491708773
928923179
1120447066
1133764311
1271468567
1214743358
433290199
1011493757
1123828007
1132276097
1085056138
663503799
1125708324
1197980694
1110678415
495278739
502707650
968554385
973159864
1159301018
1110706864
818864633
1084275722
1123357194
490145424
1224674017
909692942
493705141
504679553
1204972612
22096017
910076229
1083049558
496125141
652836631
493012165
557610033
1197631749
1224644665
1244065725
751385866
496170963
1085041453
1124901207
1003585475
1221751028
1100834577
490388339
851220484
750400693
511306511
921070080
1222252728
506390299
541182713
1224683676
1276443870
909686079
1224797907
491186382
1129864075
503816892
1147395457
1246806374
541202665
492957476
1083691146
544639121
493940022
1280806403
1055410291
1054647950
1277768186
1279333723
557612327
973084155
524054284
1083452778
1224917156
502721539
1219369832
939148355
1276421605
495285577
492981285
499642737
910069236
970459677
502729666
503565553
1085037908
921070880
121694125
1221602372
1055488208
757149234
1278161533
1081853197
495665301
944551433
374852926
1224874474
1277974334
502705273
1101260481
1231979453
1082358600
851192174
541195852
1169108127
938510882
1055380866
268323243
495439245
1276393138
1125396829
910083984
1068477899
1277849952
851347325
1254442639
1232003868
651363292
503409889
941498777
1125245371
549636116
494103836
851008554
541188528
1068542462
1209289849
1276895153
499180081
503378717
499203459
516898436
1273795756
150421639
1063919766
504217959
1055389288
406883361
495016541
851277867
505096821
1224410874
282157985
357210543
1273705246
1200611931
499219350
1027813243
339728768
1211946612
121689787
490156165
1231970451
944560269
1223905077
1082503029
921065767
1008844874
909660078
1248128158
1082376730
1011162162
757152738
1068525496
503632236
851225970
547251257
1082434763
503094060
530561357
1088637745
1271512943
495360967
495361051
851285377
648515922
918019730
1113255756
1008842885
484592555
938938592
1160696546
1120304998
985674743
524213139
1063914326
769888510
518679655
1209163390
503591740
1125465261
1125726979
1240481195
408366387
1101059529
973165474
753196008
1198477440
1173283708
1054850084
1085043188
496428790
1199690818
495693080
851211643
794202644
931399406
490137731
757129919
1083046229
1231994655
1063918266
1240443772
998178197
521284184
1273694113
851235273
1054611530
518092536
1273691142
1081851424
1085046051
1176014682
851309847
499725386
1055431684
1229238603
1008838124
498104472
931499928
851262252
