974656235
502671962
754936009
983403276
757780362
763408676
968562602
1236084187
554682769
526249689
446928291
446928296
446928295
1165606568
554679304
446928293
1160957817
960873897
1160966914
1160961926
1254187051
1168739876
1167847862
1160936344
1028168144
983493307
446928292
353600893
486160169
1167869784
1160990365
924503099
921965132
916126891
583085472
685253335
555282133
555261437
484993944
484935204
501083302
1181255061
1167649048
1141191658
1133793399
1132156600
970557904
920013718
916146050
766640851
197289371
554091951
446928294
1279509843
1236092107
1228050480
1160953732
1160942943
1004380548
1002461852
924624863
194457524
555255379
555240929
554959477
485255066
1267239313
446928299
1168008031
1165881298
1165415310
1080148710
992388657
1002387935
959108863
919885252
555232919
554923616
487390252
1098652176
1028819837
916081801
912613430
205341790
555285397
379987589
1267204555
486186296
1167639229
1166974494
1166316821
1161002652
916179114
916104537
805304385
582970166
513037646
487631897
1236171617
1196461810
555260128
484829096
1239524929
1167903994
1165957678
1033135692
446928289
1255212460
1160973406
981202207
981146339
981116852
916034931
817605090
673534018
1186142049
1160969463
446928288
446928297
513038603
513039539
1167874086
1167637995
1103291261
1092885992
817125872
754969731
1255220621
1160984064
1160963526
1133531665
1214083700
446928298
1186129388
817605049
505419123
555258076
982509422
912602167
493737038
529239826
1255189715
950630723
582970007
765459180
485004282
757801747
1255273355
817602059
1255221948
1126141384
696376284
555267721
1197892514
1228037713
1103740239
823103681
835229847
754957249
1165769292
851942635
749610957
489937235
1205164356
895918732
851970891
696363285
1159293804
949788240
489921788
496062548
1274338355
851907048
740850811
1183859705
489119002
1062657735
507087192
835407973
780044376
507084540
900243309
1248561942
1238584038
503133567
1011930655
836568699
779793036
1034517737
835762181
654550401
556462978
980946879
