401411515
1261480734
873219085
357017269
1134817738
915006904
1134820040
1028555663
748490496
1132455941
1063873332
909134810
330801693
909144664
1183517838
1001613616
582960075
1160554627
748500148
1028521766
470425319
470510204
470242944
1183377568
1043299067
752273760
1026266436
914971035
66827547
630959998
552936504
511000756
630035106
1023188076
758981458
1013946239
254565607
698981552
116199285
1183381529
808361470
1183339348
331224310
1098868822
1065010230
1183410426
748538330
388858148
831779052
858051396
955481381
671685137
1034743993
343424960
1064996322
915123807
443897461
336269808
1102747381
634353960
550810419
758362076
759295116
389623993
749155091
996630076
1148897685
407922792
671173978
330933000
1046772918
628292127
1022864313
821065299
615418962
996606138
1248273740
1267070683
1249151855
1050826710
682458797
915099787
615477472
759208216
367037529
661184479
1046787493
1022825869
598053163
596704735
936526633
1000223883
671158396
1147418961
682406080
662522878
1020701228
915185709
628287486
751170057
662504183
671690170
1046796639
599402820
725827427
189189980
927373375
682263660
1021801359
682381527
1026961581
1039092091
212536020
255711524
528891154
949381590
1110593696
915054820
597577195
1188276405
1261498631
242209055
367024661
673528311
939396206
1147817190
697090994
1063854265
927761666
1189371661
751353515
748553902
827762888
802098279
1184856753
1244192083
1024095413
1093046086
973323508
827061219
396495327
1066284101
685867597
156064365
1069614076
1070332555
816188939
1183364608
1069491404
596547687
727151307
1040025994
630345245
745752434
1023223755
1023258052
1024080691
918824000
1089699156
694541651
640927357
1102188078
242794664
629654995
983149391
1069172196
1087768856
1035384608
512193918
525581135
646307732
557725536
821074339
1022886612
729701298
1129839347
1227551848
1243529654
452841340
1247967157
1103339910
1243493295
636754043
751731195
927404111
924122627
1183447888
260941998
1147181149
1070553044
915154690
1102301832
627804073
631248299
169612607
646292958
1022633478
575478522
831338821
807755447
627829153
87083867
1045440130
385304877
517313276
1141565634
751692759
751753480
1247167992
1101812583
1029186506
1183454788
1091707116
915098265
1227140349
1022781456
598012385
1190916653
1227133161
545703001
972237674
1050836051
667657509
1095451176
1092147615
1023193376
1190928193
1022848436
1227556318
1183496235
477531670
170106521
1273135907
667835424
1027055428
1102543859
750943157
261190807
628063772
930140880
597973163
750993388
1092172418
568453887
1069953694
1147215257
660972142
402225927
347836876
636583605
751713199
302910569
684168204
359378387
751839145
471893685
1028900277
628277112
629674981
1021816266
1190778867
115438586
1000779932
666400772
398393430
1248333559
662078985
37362660
648160606
796707949
1002203690
751018360
1247149834
1168079363
695545330
599352097
1276896334
751050353
1124104696
1155068202
1190869080
859271148
749833713
749858761
1271954197
754410851
1023216068
1255180507
597915311
1172588371
1089734910
636609553
171529
749871399
749771845
19115697
296817313
1092388770
908387793
50289523
449540805
1012956683
752369358
367002756
1120643300
936405096
1070664434
1002221215
992079332
1111886897
1168137051
1023269026
1240237153
628834941
58267436
1101790405
323337333
972130164
326480115
618805435
238503386
749893186
575512617
631385402
729180359
1283016243
258571457
589111141
1102214642
1168108486
661186326
321259013
315049193
630195132
401625470
1027030915
754377936
757340904
1102219714
327301457
1172589521
1043333657
527294133
727151308
146412874
902278189
595779014
1275228176
781080595
995939693
953385437
1273339044
891560741
302673104
1032652939
1205230173
1218363166
1091724808
682323096
1003746516
1063245786
401842110
763720728
701770953
1069865672
255943683
751677046
1024749844
229891796
588255262
1276396807
1091736991
365988074
1188071054
1205209163
67903764
1090874103
1214807404
761944323
1112960350
1198294505
584416383
646401065
531855016
1147626708
1252320426
1168095364
1168191631
303319339
1069911063
672821904
1111858569
799331037
1030137475
119182662
1249086821
972145280
1091670492
70998724
875635325
1229196884
672819871
1245852706
758210158
366990799
1040528918
1214832126
599160590
523425577
1206894165
1147428439
296417412
1040553734
1065001155
11245466
1111902766
1069473911
1040542082
156846586
818161995
1267084611
682398820
1051614936
998526905
748546526
358059822
1103688573
50309943
927405189
700487736
1032903746
598069225
1000838316
294657424
317037006
648642897
1040506445
1264192465
1153493470
1091585483
1247054817
171692727
1103677605
498157850
682318285
663443365
1139702538
365983780
1168133131
1020450234
672381170
752343923
410080424
1101790407
824375514
1000489109
126137237
682329997
761932708
241955783
19347910
672795765
821506360
1183470023
1095287588
1147236108
1264161154
68488210
1181310393
914258356
921127284
367010642
1209031565
799241878
493419223
1264167481
734663846
1234312991
549051740
1105515191
1063844929
1219089645
1219097729
685945322
459367443
444315626
734682459
254585353
1267086643
563299371
255726932
1022864319
354547244
1128468803
1128473622
